1 1342715.25512
2 146046.82349
3 28278.83815
4 9846.34111
5 9683.79907
6 4790.02124
7 2904.09601
8 1789.66135
9 1004.48640
10 939.58892
11 1096.41484
12 957.67687
13 695.59004
14 428.97010
15 310.95952
16 391.37121
17 489.26008
18 706.07748
19 828.26820
20 731.26540
21 624.24925
22 400.83167
23 414.91808
24 288.30548
25 156.96736
26 223.48072
27 88.39821
28 30.38758
29 19.12627
30 13.64097
31 5.96517
32 1.64168
33 2.30885
34 1.97797
35 1.43475
36 4.46379
37 7.53995
38 20.03023
39 11.22633
40 4.00164
41 3.10470
42 4.20152
43 0.64907
44 2.31982
45 4.41176
46 8.27986
47 6.21740
48 7.84370
49 8.94990
50 9.03681
51 3.87821
52 0.65878
53 0.00000