1 2467553.65326
2 97538.61025
3 18004.46417
4 16166.28360
5 6644.78198
6 3155.67464
7 2119.53248
8 1490.03361
9 575.05736
10 621.95136
11 486.21273
12 314.00513
13 181.59467
14 154.42128
15 81.10981
16 94.37099
17 108.51549
18 86.82803
19 218.57777
20 321.61066
21 528.05668
22 333.31451
23 206.53184
24 127.59422
25 72.93565
26 87.31529
27 54.07465
28 22.92598
29 29.33215
30 24.92250
31 12.98479
32 6.47148
33 4.76818
34 11.20291
35 10.23398
36 11.86207
37 37.26704
38 34.74703
39 40.87965
40 46.98158
41 29.31555
42 21.01707
43 13.05855
44 9.14865
45 14.91665
46 17.21302
47 19.52515
48 10.91338
49 5.96365
50 9.25023
51 11.66556
52 49.27703
53 21.52275
54 11.19801
55 7.26191
56 4.67339
57 4.13759
58 2.61555
59 0.00000
