1 2945758.41909
2 179101.65170
3 46389.97093
4 15916.14243
5 10010.49653
6 10902.89698
7 10029.95379
8 7562.99873
9 9718.88015
10 10270.61169
11 9583.15944
12 10125.70775
13 14248.59006
14 11983.27421
15 9498.14789
16 10007.33791
17 5459.60767
18 2511.20113
19 1217.72809
20 778.97611
21 663.38101
22 481.95449
23 386.21799
24 388.92836
25 322.84424
26 239.41601
27 138.56696
28 122.80986
29 112.88190
30 72.63251
31 47.56648
32 19.33391
33 17.85065
34 11.15259
35 11.90654
36 16.50315
37 10.06706
38 5.28575
39 3.90072
40 2.40268
41 6.91226
42 7.68704
43 4.08176
44 0.93022
45 0.55478
46 0.41346
47 1.19968
48 2.41718
49 0.18177
50 0.00000
