1 4331890.62278
2 100054.58721
3 35094.81839
4 25591.89683
5 23661.72838
6 15634.64850
7 7810.33080
8 3682.21248
9 2652.30018
10 2330.27009
11 2694.47901
12 3493.26856
13 4107.06055
14 2771.06953
15 1546.75790
16 761.00441
17 539.52073
18 398.42885
19 259.49773
20 196.06669
21 195.49535
22 123.12264
23 64.90613
24 55.21208
25 49.97385
26 34.20585
27 39.26881
28 68.51442
29 51.69629
30 33.01689
31 55.41305
32 49.45058
33 50.49288
34 33.69743
35 23.21728
36 23.26746
37 16.67710
38 12.49676
39 12.69056
40 17.26176
41 36.02834
42 30.01079
43 12.91707
44 6.42143
45 2.06621
46 2.79179
47 0.98250
48 0.00000

