1 1718718.36263
2 164727.52762
3 23312.84073
4 8889.44716
5 5507.39476
6 3950.55411
7 3284.13994
8 3458.36750
9 4426.98252
10 2968.25974
11 1828.81868
12 840.45074
13 538.19048
14 461.63739
15 308.63614
16 290.61179
17 292.58405
18 618.49848
19 534.79439
20 492.44410
21 620.79071
22 505.87882
23 387.15888
24 341.83775
25 285.56397
26 304.96527
27 123.51065
28 78.38802
29 51.72705
30 80.54117
31 59.41768
32 66.66501
33 65.49595
34 48.10729
35 27.54629
36 18.11384
37 14.70656
38 17.72810
39 6.95765
40 6.86307
41 3.77697
42 1.70929
43 4.08286
44 4.03653
45 9.39753
46 9.08180
47 12.21032
48 3.12188
49 1.70341
50 3.17088
51 0.29076
52 0.06365
53 0.00000
