1 1883852.78665
2 117875.02792
3 21303.79308
4 8457.58913
5 8133.58396
6 5881.01523
7 4578.44428
8 3396.23439
9 1972.08157
10 1805.47122
11 1895.11928
12 1376.95956
13 965.52254
14 686.82371
15 565.44588
16 363.89201
17 209.12151
18 144.05730
19 84.39248
20 70.56030
21 55.21202
22 60.68032
23 26.66361
24 23.62710
25 15.00039
26 14.79628
27 16.30636
28 11.63282
29 6.70046
30 8.06544
31 6.96558
32 6.27480
33 8.88928
34 6.16194
35 7.01291
36 9.19651
37 5.19470
38 2.17986
39 3.08488
40 3.55809
41 1.44813
42 3.26669
43 1.14972
44 3.41548
45 1.21031
46 0.46197
47 2.16066
48 1.92859
49 0.40063
50 0.14587
51 0.00000

