
1351 2 1430 586 0 0 12 256 107 32 
0 0 0 0 0 0 1 0 0 11 
0 53 0 479 9 0 125 2 0 16 
0 2 0 62 1 0 12 1 6 42 
1 7 0 110 0 0 2 10 0 3 
0 3 0 40 1 0 1 0 0 23 
0 8 0 293 16 0 65 1 0 41 
0 195 0 251 0 0 22 10 5 32 
1 14 1 1869 0 0 11 307 2 5 
0 14 0 38 4 0 18 2 0 77 
0 8 0 44 0 0 9 5 7 28 
0 0 0 44 0 0 11 5 2 11 
0 2 0 1 0 0 0 0 0 0 
1 125 0 303 0 48 3 60 12 14 
0 39 1 91 0 0 1 1 2 1 
0 35 2 129 0 0 2 3 7 4 
0 29 2 69 0 0 1 1 7 2 
0 1 0 25 0 0 0 0 0 0 
1 25 0 83 0 0 0 1 1 1 
0 37 0 100 0 0 2 1 0 3 
0 19 0 46 0 0 1 1 1 0 
2 96 6 432 0 0 0 14 15 9 
0 15 0 213 0 56 0 6 2 3 
0 1 0 8 0 0 0 2 0 12 
0 43 5 220 0 0 0 6 9 4 
1 37 1 161 0 0 0 8 9 7 
0 6 0 30 0 0 2 6 7 4 
1 18 0 42 0 0 0 2 2 2 
0 1 0 9 0 0 0 1 0 0 
0 4 0 34 0 0 4 1 0 58 
0 10 0 50 0 0 0 2 1 2 
0 15 0 73 0 0 0 31 0 7 
0 7 0 49 0 0 0 1 0 1 
0 3 0 12 0 0 0 2 0 0 
0 27 0 140 0 0 1 3 1 3 
0 14 0 33 0 0 0 0 0 2 
1 4 0 20 0 0 0 0 0 0 
0 2 0 18 0 0 1 1 0 3 
0 1 0 5 0 0 0 1 0 0 
0 0 0 6 0 0 1 1 0 0 
0 2 0 17 0 0 1 1 3 4 
0 2 0 8 0 0 7 0 0 0 
0 3 0 29 0 0 0 9 0 0 
0 5 0 26 0 0 1 0 0 1 
0 9 1 34 0 0 0 0 2 4 
0 4 0 65 0 0 0 6 0 2 
0 2 0 43 0 0 0 1 2 0 
0 0 0 13 1 0 0 0 0 15 
0 2 0 28 1 0 0 0 0 26 
1 9 1 44 0 0 0 3 2 2 
0 4 0 10 0 0 0 0 0 1 
1 6 0 22 0 0 0 5 0 2 
0 1 0 31 0 0 0 1 0 2 
1 2 0 37 0 0 0 1 0 2 
0 0 0 30 0 0 0 0 0 2 
0 2 0 1 0 0 0 0 0 0 
0 0 0 10 0 0 0 0 0 3 
0 1 0 11 1 0 0 0 0 5 
0 1 0 31 0 0 0 0 0 3 
0 22 0 52 0 0 0 0 0 1 
0 1 0 20 0 0 0 4 7 2 
0 5 1 15 0 0 0 0 2 3 
0 0 0 11 0 0 0 0 2 0 
0 18 0 107 0 0 42 0 0 1 
0 1 0 10 0 0 0 1 5 0 
3 0 0 3 0 0 0 0 0 0 
0 8 0 34 0 0 14 1 0 1 
0 8 1 14 0 0 0 0 2 0 
0 10 0 31 0 0 0 0 0 1 
0 0 0 0 0 0 0 0 0 6 
0 0 0 2 0 0 0 0 0 0 
0 0 0 2 0 0 0 0 0 0 
0 2 0 6 0 0 0 0 0 0 
0 0 0 1 0 0 0 2 0 2 
0 0 0 0 2 0 0 0 0 1 
0 0 0 10 2 0 2 0 0 0 
0 0 0 2 0 0 0 0 0 0 
0 0 0 1 0 0 0 0 0 0 
0 1 0 5 0 0 0 0 0 0 
0 0 0 1 0 0 0 0 0 1 
0 1 0 7 0 0 0 0 0 0 
0 0 0 2 0 0 1 0 0 0 
0 0 0 1 0 0 0 0 0 1 
0 0 0 0 0 0 1 0 0 0 
0 0 0 1 0 0 0 0 0 0 
0 1 0 1 0 0 0 0 0 1 
0 0 0 2 0 0 0 0 0 1 
0 0 0 2 0 0 0 1 0 1 
0 4 0 5 0 0 0 0 0 0 
0 1 0 2 0 0 0 0 0 1 
0 0 0 9 0 0 0 1 0 1 
0 0 0 2 0 0 0 0 0 0 
0 0 0 1 0 0 0 0 0 1 
0 0 0 0 0 0 0 0 0 1 
0 0 0 0 0 0 0 0 0 1 
0 2 0 8 0 0 0 0 0 0 
0 0 0 1 0 0 2 0 0 0 
0 1 0 1 0 0 0 0 1 0 
0 5 0 2 0 0 0 0 0 0 
0 0 0 2 0 0 0 0 0 0 
0 0 0 2 0 0 2 0 0 0 
0 0 0 3 0 0 0 0 0 0 
0 2 0 2 0 0 0 1 0 1 
0 0 0 1 0 0 0 0 0 0 
0 1 0 1 0 0 2 0 0 0 
0 0 0 1 0 0 0 0 0 0 
0 0 0 2 0 0 0 0 0 0 
0 1 0 0 0 0 0 0 0 0 
0 1 0 2 0 0 0 0 0 0 
0 2 0 1 0 0 0 0 0 0 
0 0 0 2 0 0 0 0 0 0 
0 0 0 1 0 0 0 0 0 0 
0 0 0 1 0 0 0 0 0 0 
0 0 0 0 0 0 3 0 0 0 
0 0 0 1 0 0 0 0 0 0 
0 0 0 1 0 0 0 0 0 0 
0 0 0 2 0 0 0 0 0 0 
0 0 0 1 0 0 0 0 0 0 
0 0 0 0 0 0 0 0 0 1 
