
50 1 0 8 0 0 1 16 17 2 15 7 0 17 1 3 3 0 0 0 1 4 0 0 3 3 4 1 1 1 2 6 1 0 0 0 0 0 0 0 1 0 5 1 1 2 1 0 0 2 0 0 0 1 0 0 0 0 0 0 2 1 1 0 1 0 0 1 0 0 0 0 0 2 0 0 0 0 0 0 0 0 0 0 0 0 0 0 0 0 0 0 0 0 0 0 0 0 0 0 0 0 0 0 0 0 0 0 0 0 0 0 0 0 0 0 0 0 0
1 0 121 4 8 4 17 278 9 26 12 9 2 80 33 25 21 0 22 33 19 74 34 0 30 23 2 16 1 6 10 5 6 4 18 12 4 1 0 0 0 2 3 3 5 4 0 0 2 6 4 6 0 1 2 2 0 1 0 22 0 3 0 39 0 1 16 2 3 0 0 0 0 0 0 0 0 0 0 0 0 0 0 0 0 0 0 1 3 1 0 0 1 0 0 4 0 0 1 0 0 0 1 0 2 0 0 1 1 2 0 0 0 0 0 0 0 0 0
1801 0 0 0 0 0 0 0 1 0 0 0 0 0 0 0 0 0 1 0 0 1 0 0 0 0 0 1 0 0 0 0 0 0 0 0 0 0 0 0 0 0 0 0 0 0 0 0 0 0 0 0 0 0 0 0 0 0 0 0 0 0 0 0 0 1 0 0 0 0 0 0 0 0 0 0 0 0 0 0 0 0 0 0 0 0 0 0 0 0 0 0 0 0 0 0 0 0 0 0 0 0 0 0 0 0 0 0 0 0 0 0 0 0 0 0 0 0 0
9 1 111 11 1 2 74 10 7 9 4 6 0 1 1 1 0 0 0 1 0 0 0 0 0 0 2 0 0 3 0 0 0 0 0 0 0 1 0 1 1 7 0 0 0 0 0 0 0 0 0 0 0 0 0 0 0 0 0 0 0 0 0 34 0 0 11 0 0 0 0 0 0 0 2 4 0 0 0 0 0 1 0 1 0 0 0 0 0 0 0 0 0 0 0 0 2 0 0 0 2 0 0 0 1 0 0 0 0 0 0 0 0 3 0 0 0 0 0
1 0 0 0 1 0 0 7 0 0 2 0 0 15 18 42 33 1 7 7 5 125 8 0 69 66 7 15 0 0 6 2 3 0 37 1 1 0 0 0 3 0 0 2 18 2 19 0 1 11 2 1 3 5 1 0 0 0 9 8 11 13 1 0 9 1 0 11 7 0 1 0 2 0 0 0 0 0 0 1 2 0 0 0 0 1 1 1 0 2 0 1 1 1 1 2 0 2 1 0 0 0 0 0 0 0 0 0 0 0 0 0 0 0 0 0 0 0 0
25 0 2 0 0 0 5 9 46 14 5 2 0 88 3 7 7 1 3 13 6 20 5 3 7 13 8 1 0 2 2 20 0 1 12 4 0 2 1 0 2 0 1 2 1 4 1 1 2 2 1 1 1 0 0 0 0 0 0 1 2 0 0 2 0 0 0 0 3 0 0 0 0 0 0 0 0 0 1 0 0 0 0 0 0 1 0 0 1 0 0 0 0 0 0 0 0 0 3 0 0 0 1 0 0 0 0 0 0 0 0 0 0 0 0 0 0 0 0
455 0 0 0 0 0 0 0 0 0 0 0 0 0 1 1 1 0 1 0 0 1 0 0 1 0 0 0 0 0 0 0 0 0 0 0 0 0 0 0 0 0 0 0 1 0 0 0 0 1 0 0 0 0 0 0 0 0 0 0 0 1 0 0 0 0 0 1 0 0 0 0 0 0 0 0 0 0 0 0 0 0 0 0 0 0 0 0 0 0 0 0 0 0 0 0 0 0 0 0 0 0 0 0 0 0 0 0 0 0 0 0 0 0 0 0 0 0 0
323 0 2 3 21 0 1 5 548 0 3 1 0 42 4 4 1 0 2 1 0 13 13 0 5 6 2 1 0 0 2 18 6 3 3 1 1 1 1 1 3 0 4 0 1 7 0 0 0 1 0 8 5 4 0 0 0 0 0 0 1 0 0 0 0 0 0 0 0 0 0 0 0 0 0 0 0 0 1 0 0 0 0 0 0 0 0 2 0 0 1 0 0 0 0 0 0 0 0 0 0 0 1 0 0 0 0 0 0 0 0 0 0 0 0 0 0 0 0
26 10 13 41 3 23 38 28 0 73 24 6 0 12 0 1 0 0 0 1 0 5 2 12 3 3 4 1 0 57 0 6 1 0 2 1 0 3 0 0 3 0 0 1 0 1 0 15 26 1 0 2 1 1 1 0 3 6 1 0 0 0 0 1 0 0 1 0 0 6 0 0 0 2 1 0 0 0 0 0 0 0 1 0 0 0 0 0 0 0 1 0 0 0 0 0 0 0 0 0 0 0 1 0 0 0 0 0 0 0 0 0 0 0 0 0 0 0 1
1085 0 435 59 99 39 288 162 1582 29 36 42 1 311 75 98 45 24 76 87 37 331 233 8 169 110 26 31 9 32 43 69 41 9 103 30 19 17 5 6 15 8 28 24 23 57 27 13 26 38 8 18 25 31 28 1 10 11 25 44 18 8 11 92 7 3 30 10 29 0 1 2 6 1 0 10 2 1 4 1 6 2 1 0 1 1 2 0 5 1 9 1 0 0 0 4 1 1 2 2 2 3 2 1 1 1 2 0 2 1 2 1 1 0 1 1 2 1 0
